Name,Parent,Summons.psd,Spells.psd,ATK,HPS,SPD,INT,0
Aardvark,Armadillo,,,,,,,
Albatross ,Bird,,,,,,,0
Alligator ,Crocodile,,,,,,,0
Alpaca ,Llama,,,,,,,0
Anteater ,,1,2,2,3,2,3,10
Antelope ,,2,7,2,2,5,2,11
Ape ,,3,2,4,3,3,5,15
Armadillo ,,4,8,2,3,2,3,10
Ass,,15,7,2,4,1,1,8
Baboon ,Ape,,,,,,,0
Badger ,,6,1,2,4,4,3,13
Bat ,,7,6,5,2,5,2,14
Bear ,,8,5,4,4,2,3,13
Beaver ,,9,2,2,4,4,3,13
Bird,,10,6,3,1,4,4,12
Bison ,,11,3,5,4,2,2,13
Boar ,,12,3,4,4,4,3,15
Bobcat,Cat,,,,,,,
Buffalo ,Bison,,,,,,,0
Caiman,Crocodile,,,,,,,
Camel ,,13,7,2,3,3,2,10
Capybara,,14,2,2,2,3,3,
Carcajou,Otter,,,,,,,0
Caribou ,,5,7,5,4,3,2,14
Cat ,,16,1,1,1,4,4,10
Chameleon,,17,2,1,1,2,2,6
Chamois ,Goat,,,,,,,0
Cheetah ,Leopard,,,,,,,0
Chicken ,,18,6,1,2,2,1,6
Chimpanzee ,Ape,,,,,,,0
Chinchilla ,,19,1,1,1,3,3,8
Cobra ,Snake,,,,,,,0
Cormorant ,Crow,,,,,,,0
Cow,,71,3,1,6,2,2,11
Coyote ,Fox,,,,,,,0
Crab ,,20,6,4,1,2,1,8
Crane ,Bird,,,,,,,0
Crocodile ,,72,5,6,4,4,3,17
Crow ,,21,6,4,2,4,4,14
Deer ,,22,7,4,2,4,3,13
Dhole,Fox,,,,,,,
Dog ,,23,5,2,2,3,4,11
Donkey ,Horse,,,,,,,0
Dove ,Bird,,,,,,,0
Duck,,24,6,2,2,3,2,9
Eagle ,Bird,,,,,,,0
Echidna ,Hedgehog,,,,,,,0
Eland ,Antelope,,,,,,,0
Elephant ,,25,3,4,5,2,4,15
Elk,Deer,,,,,,,0
Emu ,Ostrich,,,,,,,0
Falcon ,Eagle,,,,,,,0
Ferret ,,26,1,2,2,3,3,10
Finch ,Bird,,,,,,,0
Fox ,,27,5,3,2,3,4,12
Frog ,,28,8,1,1,2,1,5
Gaur ,Ox,,,,,,,0
Gazelle ,Antelope,,,,,,,
Gerbil ,Mouse,,,,,,,0
Giraffe ,,29,7,2,3,2,3,10
Glutton,Otter,,,,,,,0
Gnu ,Cow,,,,,,,0
Goat ,,30,2,3,3,2,2,10
Goose ,Bird,,,,,,,0
Gopher,Groundhog,,,,,,,0
Gorilla ,,31,3,4,4,2,5,15
Groundhog,,32,2,2,2,3,2,9
Grouse ,Chicken,,,,,,,0
Guanaco ,Llama,,,,,,,0
Gull ,Bird,,,,,,,0
Hamster ,Mouse,,,,,,,0
Hare ,Rabbit,,,,,,,0
Hawk ,Eagle,,,,,,,0
Hedgehog ,,33,2,5,2,3,3,13
Heron ,Bird,,,,,,,0
Hippo,,34,3,3,5,2,2,12
Hippopotamus,Hippo,,,,,,,0
Horse,,35,7,3,4,4,4,15
Human ,,36,2,1,1,1,1,4
Hummingbird ,Bird,,,,,,,0
Hyena ,,37,5,4,3,3,3,13
Iguana ,Lizard,,,,,,,0
Jackal ,Fox,,,,,,,0
Jaguar ,Leopard,,,,,,,0
Jay,Bird,,,,,,,0
Kangaroo ,,38,3,2,3,3,3,11
Kiwi,Bird,,,,,,,0
Koala ,,39,2,1,2,1,1,5
Komodo,Lizard,,,,,,,0
Kouprey ,Ox,,,,,,,0
Kudu ,Antelope,,,,,,,0
Lark ,Bird,,,,,,,0
Lemur ,Raccoon,,,,,,,0
Leopard,,73,5,5,5,5,3,18
Lion ,,40,5,5,5,3,3,16
Lion ,Cat,,,,,,,
Lizard,,41,1,1,1,3,2,7
Llama ,,42,7,2,4,2,1,9
Lobster ,Crab,,,,,,,0
Loris ,Lemur,,,,,,,0
Lyrebird ,Bird,,,,,,,0
Magpie ,Bird,,,,,,,0
Mallard ,Duck,,,,,,,0
Manatee ,,43,4,2,4,2,4,12
Mandrill,Ape,,,,,,,0
Meerkat ,Groundhog,,,,,,,0
Mink ,Otter,,,,,,,0
Mole ,,44,2,2,3,4,2,11
Monkey ,Ape,,,,,,,0
Moose ,Caribou,,,,,,,0
Mouse ,,46,2,1,1,3,3,8
Mule ,Horse,,,,,,,0
Newt ,Lizard,,,,,,,0
Nightingale ,Bird,,,,,,,0
Octopus ,,47,5,5,3,4,4,16
Opossum ,Mouse,,,,,,,0
Orangutan,Ape,,,,,,,
Oryx ,Antelope,,,,,,,0
Ostrich ,,48,5,2,2,2,2,8
Otter ,,49,2,2,3,3,3,11
Owl ,,50,6,4,3,4,4,15
Ox,,70,7,3,5,2,2,12
Pangolin,Armadillo,,,,,,,0
Panther,,45,5,5,5,4,2,16
Parrot ,,51,4,2,2,4,5,13
Partridge ,Bird,,,,,,,0
Peafowl ,Bird,,,,,,,0
Pelican ,Bird,,,,,,,0
Penguin ,Bird,,,,,,,0
Pig,,52,2,2,3,1,2,8
Pigeon ,Bird,,,,,,,0
Platypus ,,53,2,2,2,3,2,9
Pony ,Horse,,,,,,,0
Ponycorn,,54,4,5,5,5,5,20
Porcupine ,Hedgehog,,,,,,,0
Quelea ,Bird,,,,,,,0
Rabbit ,,55,5,2,1,4,2,9
Raccoon ,,56,1,2,2,3,3,10
Rail ,Bird,,,,,,,0
Ram ,,57,3,5,5,3,2,15
Rat ,,58,2,2,1,3,3,9
Raven ,Crow,,,,,,,0
Reindeer,Deer,,,,,,,0
Rhino,Rhinoceros,,,,,,,0
Rhinoceros ,,59,3,5,5,3,2,15
Roadrunner,Bird,,,,,,,
Rook ,Bird,,,,,,,0
Salamander ,Lizard,,,,,,,0
Seal ,Otter,,,,,,,0
Sealion,Otter,,,,,,,0
Serval,Leopard,,,,,,,0
Sheep ,,60,8,3,2,2,1,8
Shrew ,Rat,,,,,,,0
Skunk ,,61,1,2,2,2,2,8
Snake ,,62,4,2,1,3,2,8
Squid ,Octopus,,,,,,,0
Squirrel ,,63,2,2,1,3,3,9
Swallow ,Bird,,,,,,,0
Swan ,Bird,,,,,,,0
Tapir ,Capybara,,,,,,,0
Tarsier ,Raccoon,,,,,,,0
Tiger ,,64,1,5,4,4,4,17
Toad ,Frog,,,,,,,0
Tortoise,Turtle,,,,,,,0
Turkey ,Chicken,,,,,,,0
Turtle ,,65,4,4,3,1,3,11
Wallaby ,Kangaroo,,,,,,,0
Walrus ,,66,3,3,4,2,3,12
Wapiti,Deer,,,,,,,0
Weasel ,Mouse,,,,,,,0
Wolf ,,67,5,4,3,4,4,15
Wolverine,Otter,,,,,,,0
Wombat ,Beaver,,,,,,,0
Woodpecker ,Bird,,,,,,,0
Wren ,Bird,,,,,,,0
Yak ,Bison,,,,,,,0
Zebra ,,68,7,2,2,4,2,10
Aardwolf,Wolf,,,,,,,0
Anaconda,Snake,,,,,,,0
Marten,Mouse,,,,,,,0
Lemming,Groundhog,,,,,,,0
Argalis,Ram,,,,,,,0
Mongoose,Rat,,,,,,,0
Bandicoot,Mouse,,,,,,,0
Gecko,Lizard,,,,,,,0
Grizzly,Bear,,,,,,,0
Swan ,Bird,,,,,,,0
Boa,Snake,,,,,,,0
Capuchin,Ape,,,,,,,0
Caracal,Cat,,,,,,,0
Chipmunk,Squirrel,,,,,,,0
,,,,,,,,0
,,,,,,,,0
,,,,,,,,0
,,,,,,,,0
,,,,,,,,0
,,,,,,,,0
,,,,,,,,0
,,,,,,,,0
,,,,,,,,0
,,,,,,,,0
,,,,,,,,0
,,,,,,,,0
,,,,,,,,0
,,,,,,,,0
,,,,,,,,0
,,,,,,,,0
,,,,,,,,0
,,,,,,,,0
,,,,,,,,0
,,,,,,,,0
,,,,,,,,0
,,,,,,,,0
,,,,,,,,0
,,,,,,,,0
,,,,,,,,0
,,,,,,,,0
,,,,,,,,0
,,,,,,,,0
,,,,,,,,0
,,,,,,,,0
,,,,,,,,0
,,,,,,,,0
,,,,,,,,0
,,,,,,,,0
,,,,,,,,0
,,,,,,,,0
,,,,,,,,0
,,,,,,,,0
,,,,,,,,0
,,,,,,,,0
,,,,,,,,0
,,,,,,,,0
,,,,,,,,0
,,,,,,,,0
,,,,,,,,0
,,,,,,,,0
,,,,,,,,0
,,,,,,,,0
,,,,,,,,0
,,,,,,,,0
,,,,,,,,0
,,,,,,,,0
,,,,,,,,0
,,,,,,,,0
,,,,,,,,0
,,,,,,,,0
,,,,,,,,0
,,,,,,,,0
,,,,,,,,0
,,,,,,,,0
,,,,,,,,0
,,,,,,,,0
,,,,,,,,0
,,,,,,,,0
,,,,,,,,0
,,,,,,,,0
,,,,,,,,0
,,,,,,,,0
,,,,,,,,0
,,,,,,,,0
,,,,,,,,0
,,,,,,,,0
,,,,,,,,0
,,,,,,,,0
,,,,,,,,0
,,,,,,,,0
,,,,,,,,0
,,,,,,,,0
,,,,,,,,0
,,,,,,,,0
,,,,,,,,0
,,,,,,,,0
,,,,,,,,0
,,,,,,,,0
,,,,,,,,0
,,,,,,,,0
,,,,,,,,0
,,,,,,,,0
,,,,,,,,0
,,,,,,,,0
,,,,,,,,0
,,,,,,,,0
,,,,,,,,0
,,,,,,,,0
,,,,,,,,0
,,,,,,,,0
,,,,,,,,0
,,,,,,,,0
,,,,,,,,0
,,,,,,,,0
,,,,,,,,0
,,,,,,,,0
,,,,,,,,0
,,,,,,,,0
,,,,,,,,0
,,,,,,,,0
,,,,,,,,0
,,,,,,,,0
,,,,,,,,0
,,,,,,,,0
,,,,,,,,0
,,,,,,,,0
,,,,,,,,0
,,,,,,,,0
,,,,,,,,0
,,,,,,,,0
,,,,,,,,0
,,,,,,,,0
,,,,,,,,0
,,,,,,,,0
,,,,,,,,0
,,,,,,,,0
,,,,,,,,0
,,,,,,,,0
,,,,,,,,0
,,,,,,,,0
,,,,,,,,0
,,,,,,,,0
,,,,,,,,0
,,,,,,,,0
,,,,,,,,0
,,,,,,,,0
,,,,,,,,0
,,,,,,,,0
,,,,,,,,0
,,,,,,,,0
,,,,,,,,0
,,,,,,,,0
,,,,,,,,0
,,,,,,,,0
,,,,,,,,0
,,,,,,,,0
,,,,,,,,0
,,,,,,,,0
,,,,,,,,0
,,,,,,,,0
,,,,,,,,0
,,,,,,,,0
,,,,,,,,0
,,,,,,,,0
,,,,,,,,0
,,,,,,,,0
,,,,,,,,0
,,,,,,,,0
,,,,,,,,0
,,,,,,,,0
,,,,,,,,0
,,,,,,,,0
,,,,,,,,0
,,,,,,,,0
,,,,,,,,0
,,,,,,,,0
,,,,,,,,0
,,,,,,,,0
,,,,,,,,0
,,,,,,,,0
,,,,,,,,0
,,,,,,,,0
,,,,,,,,0
,,,,,,,,0
,,,,,,,,0
,,,,,,,,0
,,,,,,,,0
,,,,,,,,0
,,,,,,,,0
,,,,,,,,0
,,,,,,,,0
,,,,,,,,0
,,,,,,,,0
,,,,,,,,0
,,,,,,,,0
,,,,,,,,0
,,,,,,,,0
,,,,,,,,0
,,,,,,,,0
,,,,,,,,0
,,,,,,,,0
,,,,,,,,0
,,,,,,,,0
,,,,,,,,0
,,,,,,,,0
,,,,,,,,0
,,,,,,,,0
,,,,,,,,0
,,,,,,,,0
,,,,,,,,0
,,,,,,,,0
,,,,,,,,0
,,,,,,,,0
,,,,,,,,0
,,,,,,,,0
,,,,,,,,0
,,,,,,,,0
,,,,,,,,0
,,,,,,,,0
,,,,,,,,0
,,,,,,,,0
,,,,,,,,0
,,,,,,,,0
,,,,,,,,0
,,,,,,,,0
,,,,,,,,0
,,,,,,,,0
,,,,,,,,0
,,,,,,,,0
,,,,,,,,0
,,,,,,,,0
,,,,,,,,0
,,,,,,,,0
,,,,,,,,0
,,,,,,,,0
,,,,,,,,0
,,,,,,,,0
,,,,,,,,0
,,,,,,,,0
,,,,,,,,0
,,,,,,,,0
,,,,,,,,0
,,,,,,,,0
,,,,,,,,0
,,,,,,,,0
,,,,,,,,0
,,,,,,,,0
,,,,,,,,0
,,,,,,,,0
,,,,,,,,0
,,,,,,,,0
,,,,,,,,0
,,,,,,,,0
,,,,,,,,0
,,,,,,,,0
,,,,,,,,0